每幅图像的标定误差：
第1幅图像的平均误差：0.386969像素
第2幅图像的平均误差：1.42115像素
第3幅图像的平均误差：0.501475像素
第4幅图像的平均误差：0.499931像素
第5幅图像的平均误差：0.648824像素
第6幅图像的平均误差：0.650431像素
第7幅图像的平均误差：0.607133像素
第8幅图像的平均误差：0.51779像素
第9幅图像的平均误差：0.787022像素
第10幅图像的平均误差：0.311424像素
第11幅图像的平均误差：0.428021像素
第12幅图像的平均误差：0.344332像素
第13幅图像的平均误差：0.667434像素
第14幅图像的平均误差：0.547542像素
第15幅图像的平均误差：0.969128像素
第16幅图像的平均误差：0.194412像素
总体平均误差：0.592688像素

相机内参数矩阵：
[849.0211798588208, 0, 325.5052595039248;
  0, 805.3419346864338, 361.5375429509012;
  0, 0, 1]

畸变系数：
[-0.7360862597679519, 2.099317115205732, -0.03037045774372205, 0.03861268762674957, -2.130804968052194]


第1幅图像的旋转向量：
[30.33149718393156;
  -24.54417784558601;
  105.9225406631765]
第1幅图像的旋转矩阵：
[0.9782683444293142, 0.2005360871978624, 0.05269083429686808;
  -0.2032730830777652, 0.9776845510930098, 0.05303746081893303;
  -0.04087908980871087, -0.06259549732553627, 0.997201435884937]
第1幅图像的平移向量：
[0.01283315573563191;
  -3.037739128678328;
  0.2738390358883248]

第2幅图像的旋转向量：
[28.14306660317685;
  -26.96185451530664;
  102.7198415180861]
第2幅图像的旋转矩阵：
[-0.8649278018100782, -0.2101039578818922, 0.4558028351583062;
  -0.04083568140524502, -0.8756908766965825, -0.4811423236367177;
  0.5002322908211297, -0.4347663917010314, 0.7488296467602694]
第2幅图像的平移向量：
[-0.1979240248219625;
  -2.777819248744162;
  0.999075077525974]

第3幅图像的旋转向量：
[34.92560299590584;
  -17.87868328087669;
  104.2549970067705]
第3幅图像的旋转矩阵：
[-0.02115356543077941, 0.870676786754862, 0.4914005084203658;
  -0.9846542169616551, -0.1033067709923111, 0.1406548402536209;
  0.1732299041424289, -0.4808842314667538, 0.8595008762284269]
第3幅图像的平移向量：
[-0.04040316768058685;
  2.800712836276808;
  0.3684857420707454]

第4幅图像的旋转向量：
[28.94244884423454;
  -29.20211842305523;
  112.9026668740712]
第4幅图像的旋转矩阵：
[0.7307378615544325, -0.6744684397615386, -0.1054253359325497;
  0.6410009479241585, 0.7310367944814197, -0.2338867030736485;
  0.2348189993403119, 0.1033321289820672, 0.966531173149034]
第4幅图像的平移向量：
[-0.3008840372164237;
  -3.047998547496488;
  0.3035215191606839]

第5幅图像的旋转向量：
[-10.82154223643737;
  -5.118579054437004;
  117.5203997659749]
第5幅图像的旋转矩阵：
[0.3191957340874336, 0.9474466160242321, -0.02142412482730238;
  -0.9419960546754764, 0.314723084730707, -0.1165882194452981;
  -0.1037184473284339, 0.05739590335398248, 0.9929492403753373]
第5幅图像的平移向量：
[2.717714177158692;
  0.1482463086861416;
  -0.1366828034592777]

第6幅图像的旋转向量：
[-26.30405141859516;
  -6.68232657179348;
  124.9733373673929]
第6幅图像的旋转矩阵：
[-0.5386057080212893, -0.7596529622076763, -0.3644602424078496;
  0.7941858617900025, -0.6021862933385213, 0.08148917135474813;
  -0.2813764528523253, -0.2455586388712789, 0.9276466173365418]
第6幅图像的平移向量：
[-2.829264466496746;
  -0.5385956934366838;
  0.2589196710889247]

第7幅图像的旋转向量：
[-4.553353114407767;
  -5.287454902292038;
  133.7604527440709]
第7幅图像的旋转矩阵：
[-0.4103669608801808, -0.9080522516147734, -0.08390509969783969;
  0.9118419669168899, -0.4097983886777107, -0.02468821593978218;
  -0.01196598458554643, -0.08663941928759794, 0.9961678705109931]
第7幅图像的平移向量：
[-2.406879523248093;
  -0.002074629013547312;
  0.108530711838362]

第8幅图像的旋转向量：
[-17.97782880651417;
  -26.23173520126949;
  148.1940181098431]
第8幅图像的旋转矩阵：
[0.7210064277454489, -0.6757228424209416, -0.1534547861107964;
  0.687340764897475, 0.7255012237861341, 0.03479435579193705;
  0.08782029412328896, -0.1305626842378219, 0.987542901055298]
第8幅图像的平移向量：
[2.529152757881878;
  1.433432076203102;
  -0.2190742936289963]

第9幅图像的旋转向量：
[0.60092950056502;
  -32.24164026393358;
  146.6699470395513]
第9幅图像的旋转矩阵：
[0.8119278587428137, 0.5699827524286588, 0.12606670508568;
  -0.5703059125932984, 0.8205940951924647, -0.03710117243949572;
  -0.1245966221790729, -0.04177311179587127, 0.9913277403928809]
第9幅图像的平移向量：
[1.799571021586977;
  1.830128093759432;
  -0.7217511915836669]

第10幅图像的旋转向量：
[32.37542993938163;
  -36.34174060784957;
  139.0191796896438]
第10幅图像的旋转矩阵：
[-0.8417382018216825, -0.4390908087064538, 0.3141274602824671;
  0.2291866427374768, -0.8174261400342898, -0.5284770462180602;
  0.4888254109441578, -0.3728455005738355, 0.7886925575388182]
第10幅图像的平移向量：
[0.4699856305814548;
  2.47416432136402;
  0.1607157652985304]

第11幅图像的旋转向量：
[39.35782856338269;
  -39.51942790218503;
  137.5881913454712]
第11幅图像的旋转矩阵：
[-0.571847592634178, 0.5508954134817281, 0.6078688791205642;
  -0.7895070377618756, -0.5708698800642811, -0.2253579760289435;
  0.2228653587324953, -0.6087871741751705, 0.7613863726366837]
第11幅图像的平移向量：
[-0.5295311773699993;
  -2.826995375952637;
  -0.8512436274567609]

第12幅图像的旋转向量：
[26.98606786290201;
  -31.22680443300921;
  112.5778359282658]
第12幅图像的旋转矩阵：
[0.8725494200899333, -0.4777650116958878, -0.1019710895300686;
  0.4620272896968842, 0.8748546011679953, -0.1454654955325807;
  0.1587082010359656, 0.07981240764703211, 0.9840943483779955]
第12幅图像的平移向量：
[-0.5244314104706055;
  -2.591484752915762;
  -0.04311686445981941]

第13幅图像的旋转向量：
[-19.60173725345013;
  -18.99344733421513;
  139.0009882517763]
第13幅图像的旋转矩阵：
[-0.9224859310862105, 0.3110641395250845, -0.2286018548689535;
  -0.2383327759099879, -0.9247791056488258, -0.2966160711802334;
  -0.303672841846364, -0.2191408379487414, 0.927232494182595]
第13幅图像的平移向量：
[3.008459703697243;
  1.368987673221056;
  -0.4011286738341265]

第14幅图像的旋转向量：
[38.58538018203345;
  -33.38618306945293;
  115.6226063294445]
第14幅图像的旋转矩阵：
[0.7767954564035434, -0.6209685904634619, -0.1048180736735427;
  0.5812624820775265, 0.7710286550393271, -0.2600937139519517;
  0.242327765309475, 0.1411128015669305, 0.9598773001764591]
第14幅图像的平移向量：
[0.0938049522569203;
  2.813963796198286;
  -0.4795189003420438]

第15幅图像的旋转向量：
[13.61789119219027;
  -23.77114989009317;
  104.0936567667492]
第15幅图像的旋转矩阵：
[0.6843153735097159, -0.7187647108779496, -0.1228403841364698;
  0.7008373066752953, 0.6948271748156052, -0.1613761652471719;
  0.2013443298192827, 0.02434106682752191, 0.9792180417635912]
第15幅图像的平移向量：
[-0.6884914736947327;
  -2.70684221294863;
  -0.5523163183644343]

第16幅图像的旋转向量：
[5.325899957936312;
  -33.89978947874276;
  143.370835375124]
第16幅图像的旋转矩阵：
[-0.9700531556312996, -0.2423734412190069, 0.01587420049685474;
  0.2095978663480958, -0.8683181851664856, -0.4495467314212246;
  0.1227420452497167, -0.4327570268647726, 0.8931157517517424]
第16幅图像的平移向量：
[-1.368792154432322;
  -2.019796513077426;
  0.02123675280179631]


